0.5 0 0 0 4.55613 0.0675701 
0.955613 0 0 0.00675701 4.17399 0.140568 
1.37301 0 0.00282041 0.0208138 3.87233 0.185487 
1.76024 0.00109216 0.0108814 0.0393625 3.65849 0.204124 
2.12607 0.00507301 0.0252895 0.0597749 3.5326 0.201255 
2.47922 0.0140058 0.0464308 0.0799004 3.49027 0.182086 
2.82787 0.0302056 0.0743777 0.0981091 3.52432 0.151871 
3.17933 0.0563945 0.109066 0.113296 3.62596 0.115448 
3.53977 0.095863 0.150323 0.124841 3.78561 0.0768528 
3.91406 0.152555 0.19783 0.132526 3.99341 0.0391113 
4.30561 0.231043 0.251065 0.136437 4.2396 0.00421732 
4.71628 0.33637 0.309271 0.136859 4.51479 -0.0267395 
5.14634 0.473784 0.371449 0.134185 4.81002 -0.0533891 
5.59454 0.648371 0.436382 0.128846 5.11692 -0.0758543 
6.05828 0.864644 0.502679 0.121261 5.42796 -0.0944349 
6.53393 1.12615 0.568823 0.111817 5.73624 -0.109618 
7.01722 1.43513 0.633233 0.100855 6.03547 -0.121959 
7.50375 1.79228 0.694311 0.0886596 6.32079 -0.131825 
7.9895 2.19672 0.750498 0.075477 6.58715 -0.139289 
8.47125 2.64596 0.800311 0.0615482 6.83195 -0.144576 
8.94709 3.13621 0.842414 0.0470906 7.05159 -0.147517 
9.41649 3.66243 0.875644 0.032339 7.24478 -0.148046 
9.88052 4.2188 0.899082 0.0175344 7.41056 -0.145866 
10.3417 4.79887 0.912077 0.00294773 7.54807 -0.140797 
10.8037 5.39575 0.914302 -0.0111319 7.65595 -0.132615 
11.271 6.00221 0.905779 -0.0243934 7.7326 -0.120944 
11.7482 6.61069 0.886913 -0.0364878 7.77478 -0.10664 
12.2394 7.21333 0.858532 -0.0471518 7.78278 -0.089157 
12.748 7.8024 0.821807 -0.0560675 7.74969 -0.0696772 
13.2757 8.36997 0.778311 -0.0630352 7.67503 -0.0484468 
13.8222 8.90881 0.729867 -0.0678799 7.55235 -0.0258969 
14.3851 9.41238 0.678523 -0.0704696 7.38922 -0.0037575 
14.9603 9.87616 0.626365 -0.0708453 7.1904 0.0167404 
15.5429 10.2977 0.575339 -0.0691713 6.97045 0.0340449 
16.1277 10.6769 0.527047 -0.0657668 6.74137 0.0468239 
16.7103 11.016 0.482647 -0.0610844 6.51096 0.0542919 
17.2871 11.3182 0.442825 -0.0556552 6.28117 0.0562041 
17.8546 11.5874 0.407831 -0.0500348 6.05835 0.0525624 
18.4107 11.8276 0.377493 -0.0447786 5.84316 0.0440026 
18.9539 12.043 0.351311 -0.0403783 5.63991 0.0312435 
19.4835 12.2371 0.328525 -0.037254 5.44831 0.0154657 
19.9992 12.4129 0.308219 -0.0357074 5.27125 -0.00214395 
20.5014 12.5728 0.289389 -0.0359218 5.10788 -0.0205098 
20.991 12.7186 0.271032 -0.0379727 4.95913 -0.038391 
21.4688 12.8513 0.252192 -0.0418119 4.82521 -0.0547645 
21.9361 12.9717 0.232005 -0.0472883 4.70675 -0.0687256 
22.3941 13.08 0.209731 -0.0541609 4.60261 -0.079911 
22.8443 13.1758 0.184779 -0.062152 4.51338 -0.0876837 
23.288 13.2587 0.156691 -0.0709203 4.43801 -0.0921329 
23.7263 13.328 0.125164 -0.0801336 4.37655 -0.0929725 
24.1605 13.3826 0.0900174 -0.0894309 4.32796 -0.0906571 
24.5916 13.4215 0.0512085 -0.0984966 4.28685 -0.0863659 
25.0197 13.4434 0.00884747 -0.107133 4.2616 -0.0778609 
25.4459 13.4472 -0.0369839 -0.114919 4.24749 -0.067007 
25.8703 13.4315 -0.0860117 -0.12162 4.2431 -0.054327 
26.2931 13.3951 -0.137872 -0.127053 4.24706 -0.0402269 
26.7137 13.3367 -0.192124 -0.131075 4.25796 -0.0250894 
27.1317 13.2554 -0.248258 -0.133584 4.27443 -0.00926904 
27.546 13.1504 -0.305699 -0.134511 4.29513 0.0069123 
27.9556 13.0211 -0.363825 -0.13382 4.31875 0.0231649 
28.3592 12.8674 -0.421966 -0.131503 4.34406 0.0392281 
28.7555 12.6895 -0.479423 -0.127581 4.36992 0.0548642 
29.1433 12.4879 -0.535479 -0.122094 4.39532 0.0698531 
29.5213 12.2636 -0.589412 -0.115109 4.41942 0.084021 
29.8886 12.018 -0.640509 -0.106707 4.44136 0.0970796 
30.2448 11.7526 -0.688082 -0.0969989 4.46063 0.108879 
30.5893 11.4693 -0.731486 -0.086111 4.47678 0.11922 
30.9225 11.1703 -0.770132 -0.074189 4.48918 0.127905 
31.2447 10.8577 -0.803498 -0.0613986 4.49754 0.134729 
31.5569 10.534 -0.831147 -0.0479257 4.50198 0.139619 
31.8604 10.2014 -0.852739 -0.0339638 4.50222 0.142157 
32.1566 9.86236 -0.868036 -0.0197481 4.49873 0.142371 
32.4474 9.51908 -0.876922 -0.00551092 4.49189 0.14018 
32.7346 9.17375 -0.879397 0.00850711 4.48212 0.135558 
33.0204 8.82847 -0.875584 0.0220629 4.46982 0.128545 
33.3067 8.48523 -0.865721 0.0349173 4.45535 0.119259 
33.5955 8.14592 -0.850157 0.0468433 4.43894 0.107902 
33.8884 7.81239 -0.829349 0.0576334 4.42067 0.0947624 
34.1869 7.48637 -0.803843 0.0671097 4.40032 0.080224 
34.4923 7.16953 -0.774268 0.0751321 4.378 0.0649425 
34.8053 6.86343 -0.741313 0.0816263 4.35353 0.0491687 
35.1264 6.56945 -0.705698 0.0865432 4.33219 0.0338997 
35.4561 6.28848 -0.668112 0.0899332 4.31463 0.0193818 
35.7948 6.02119 -0.629204 0.0918713 4.30387 0.0063758 
36.1428 5.7679 -0.589552 0.0925089 4.29857 -0.00464638 
36.5001 5.52891 -0.549673 0.0920443 4.29764 -0.0133721 
36.8666 5.3044 -0.510003 0.0907071 4.30065 -0.0196429 
37.2419 5.09445 -0.470886 0.0887428 4.3074 -0.0234297 
37.6258 4.89903 -0.43256 0.0863998 4.31778 -0.0248202 
38.0178 4.71803 -0.395162 0.0839178 4.33263 -0.0239697 
38.4176 4.55124 -0.358718 0.0815208 4.35024 -0.0212416 
38.825 4.39852 -0.323175 0.0793967 4.3721 -0.016959 
39.2395 4.25967 -0.288389 0.0777008 4.39687 -0.0115509 
39.6611 4.13462 -0.254156 0.0765457 4.42527 -0.00547946 
40.0894 4.02335 -0.220216 0.0759977 4.45746 0.000789934 
40.5244 3.92598 -0.186275 0.0760767 4.49362 0.00680357 
40.966 3.84276 -0.152023 0.0767571 4.53384 0.0121475 
41.4141 3.7741 -0.117154 0.0779718 4.5786 0.0164365 
41.8688 3.72058 -0.0813815 0.0796155 4.62725 0.0194654 
42.33 3.68297 -0.0444634 0.081562 4.68026 0.0209719 
42.7976 3.66217 -0.00620536 0.0836592 4.73718 0.020913 
43.2713 3.65923 0.0335182 0.0857505 4.7928 0.0206329 
43.7503 3.67529 0.0747178 0.0878138 4.8571 0.0168464 
44.2347 3.71155 0.11748 0.0894984 4.92565 0.0116926 
44.7238 3.76928 0.161682 0.0906677 4.99781 0.00551283 
45.2171 3.84973 0.20712 0.091219 5.07295 -0.00146057 
45.7135 3.95405 0.253524 0.0910729 5.15046 -0.00897373 
46.2121 4.08324 0.300561 0.0901756 5.22971 -0.0167644 
46.7117 4.23806 0.347848 0.0884991 5.31008 -0.0245777 
47.2109 4.41907 0.394965 0.0860413 5.39091 -0.032178 
47.7084 4.6265 0.441464 0.0828235 5.47159 -0.0393581 
48.2032 4.86028 0.486885 0.0788877 5.5515 -0.0459391 
48.6938 5.12002 0.530771 0.0742938 5.63006 -0.0518028 
49.1793 5.40502 0.572676 0.0691135 5.7068 -0.0568433 
49.659 5.71426 0.612181 0.0634292 5.78124 -0.0610026 
50.1321 6.04648 0.6489 0.057329 5.853 -0.0642242 
50.5984 6.40018 0.682491 0.0509065 5.92155 -0.0666112 
51.058 6.77367 0.712662 0.0442454 5.98661 -0.068147 
51.5109 7.16511 0.739167 0.0374307 6.0479 -0.0688834 
51.9579 7.57254 0.761816 0.0305424 6.10521 -0.0689246 
52.3996 7.99394 0.780468 0.0236499 6.1584 -0.0683098 
52.8372 8.42725 0.795035 0.0168189 6.20766 -0.0670158 
53.2719 8.87041 0.805477 0.0101174 6.25237 -0.065524 
53.7051 9.32131 0.811803 0.00356496 6.2928 -0.0636778 
54.1381 9.77787 0.814046 -0.00280282 6.32908 -0.0615784 
54.5727 10.238 0.812272 -0.00896067 6.36135 -0.0593114 
55.0102 10.6998 0.806572 -0.0148918 6.38984 -0.0569499 
55.4524 11.1611 0.797056 -0.0205868 6.41487 -0.0545532 
55.9007 11.6199 0.783848 -0.0260421 6.43625 -0.0522076 
56.3565 12.0743 0.767083 -0.0312629 6.44548 -0.0498088 
56.8205 12.5217 0.746926 -0.0362438 6.4389 -0.0473921 
57.293 12.9591 0.723578 -0.040983 6.41607 -0.0449703 
57.7739 13.3839 0.697269 -0.04548 6.37381 -0.0424013 
58.2625 13.7932 0.668261 -0.0497201 6.31459 -0.0397632 
58.7581 14.1845 0.636838 -0.0536964 6.24023 -0.0372049 
59.2598 14.5555 0.603298 -0.0574169 6.15174 -0.0346338 
59.7664 14.9046 0.567938 -0.0608803 6.05135 -0.0322965 
60.2765 15.2301 0.531052 -0.06411 5.9422 -0.030083 
60.7889 15.531 0.492904 -0.0671183 5.82725 -0.0282291 
61.3023 15.8067 0.453734 -0.0699412 5.70905 -0.0265643 
61.8154 16.057 0.413739 -0.0725976 5.59022 -0.0253857 
62.3273 16.2817 0.373084 -0.0751362 5.47354 -0.024427 
62.837 16.4812 0.33188 -0.0775789 5.35895 -0.0239095 
63.3436 16.6558 0.290222 -0.0799698 5.24839 -0.0236156 
63.8465 16.806 0.248161 -0.0823314 5.14298 -0.0234507 
64.345 16.9323 0.205722 -0.0846765 5.04409 -0.0232917 
64.8388 17.0354 0.162908 -0.0870056 4.95125 -0.0231053 
65.3274 17.1157 0.119721 -0.0893162 4.86561 -0.0225537 
65.8105 17.1738 0.0761472 -0.0915715 4.78664 -0.0219347 
66.2877 17.2102 0.0321922 -0.093765 4.71491 -0.0207303 
66.759 17.2254 -0.0121471 -0.095838 4.64994 -0.0192658 
67.2239 17.2197 -0.0568482 -0.0977646 4.58801 -0.0180476 
67.682 17.1937 -0.101846 -0.0995694 4.53596 -0.0150838 
68.1332 17.1476 -0.14716 -0.101078 4.49062 -0.0114533 
68.5775 17.0817 -0.192706 -0.102223 4.45141 -0.00723708 
69.0144 16.9965 -0.238369 -0.102947 4.41779 -0.00244618 
69.4436 16.8922 -0.28401 -0.103191 4.38924 0.00289344 
69.865 16.7692 -0.329464 -0.102902 4.36523 0.00873965 
70.278 16.6279 -0.374543 -0.102028 4.34529 0.0150369 
70.6824 16.469 -0.419031 -0.100524 4.32893 0.0217182 
71.0779 16.2928 -0.462695 -0.0983526 4.31572 0.0287075 
71.4641 16.1002 -0.505278 -0.0954818 4.30524 0.0359203 
71.8408 15.8918 -0.546511 -0.0918898 4.29712 0.0432656 
72.2079 15.6685 -0.586109 -0.0875632 4.29102 0.050646 
72.5654 15.4311 -0.623778 -0.0824986 4.28663 0.0579586 
72.9133 15.1807 -0.659223 -0.0767028 4.28369 0.0650955 
73.252 14.9184 -0.692145 -0.0701932 4.28198 0.0719442 
73.5816 14.6451 -0.722251 -0.0629988 4.28148 0.078473 
73.9029 14.362 -0.749259 -0.0551515 4.28175 0.0843612 
74.2164 14.0704 -0.772898 -0.0467154 4.28283 0.0896095 
74.523 13.7714 -0.79292 -0.0377544 4.28466 0.0940972 
74.8237 13.4661 -0.809104 -0.0283447 4.28722 0.0977039 
75.1195 13.1559 -0.821259 -0.0185743 4.29047 0.100315 
75.4118 12.8418 -0.829229 -0.00854281 4.29436 0.101824 
75.7019 12.5252 -0.832898 0.00163955 4.29884 0.102134 
75.9911 12.2071 -0.832193 0.011853 4.30377 0.101166 
76.2809 11.8889 -0.827092 0.0219696 4.30891 0.0988599 
76.5726 11.5717 -0.817624 0.0318556 4.31439 0.0953499 
76.8677 11.257 -0.803875 0.0413906 4.31562 0.0902908 
77.1671 10.9463 -0.786003 0.0504196 4.31348 0.0840104 
77.472 10.6411 -0.764236 0.0588207 4.30923 0.0766631 
77.783 10.3429 -0.738859 0.066487 4.30439 0.068452 
78.1012 10.053 -0.710198 0.0733322 4.3005 0.0596233 
78.4273 9.77261 -0.678605 0.0792945 4.29902 0.0504579 
78.762 9.50276 -0.644445 0.0843403 4.30121 0.0412522 
79.1058 9.24436 -0.608082 0.0884655 4.30811 0.0323005 
79.4594 8.99824 -0.56987 0.0916956 4.31762 0.0238892 
79.8229 8.76529 -0.530168 0.0940845 4.3304 0.0162693 
80.1965 8.54631 -0.489305 0.0957114 4.34482 0.00942863 
80.58 8.3421 -0.447593 0.0966543 4.36204 0.00355411 
80.9733 8.15331 -0.4053 0.0970097 4.38244 -0.00127783 
81.376 7.98052 -0.362652 0.0968819 4.40706 -0.00503331 
81.7881 7.82417 -0.319822 0.0963786 4.43461 -0.00774646 
82.209 7.68475 -0.276949 0.0956039 4.46575 -0.00949501 
82.6386 7.56265 -0.234124 0.0946544 4.5006 -0.0103932 
83.0764 7.45824 -0.191396 0.0936151 4.53972 -0.0106219 
83.5221 7.37188 -0.148773 0.0925529 4.58213 -0.0102955 
83.9752 7.30396 -0.106242 0.0915234 4.62853 -0.00968654 
84.4354 7.25488 -0.0637619 0.0905547 4.67817 -0.00892278 
84.9023 7.22507 -0.0212827 0.0896624 4.73123 -0.00824257 
85.3753 7.215 0.0212527 0.0888382 4.78758 -0.00782012 
85.854 7.22518 0.063897 0.0880562 4.84378 -0.00706077 
86.3374 7.2561 0.10666 0.0873501 4.90596 -0.0078667 
86.8252 7.30833 0.149623 0.0865634 4.97127 -0.00923155 
87.3167 7.38244 0.192764 0.0856403 5.03926 -0.011121 
87.8113 7.47897 0.236026 0.0845282 5.10949 -0.0135402 
88.3081 7.59846 0.279319 0.0831741 5.18152 -0.0164607 
88.8062 7.74131 0.322515 0.0815281 5.2549 -0.019824 
89.3046 7.90787 0.365453 0.0795457 5.3292 -0.0235498 
89.8023 8.09832 0.407934 0.0771907 5.40395 -0.0275418 
90.2984 8.3127 0.44973 0.0744365 5.4787 -0.031695 
90.7918 8.55087 0.490587 0.071267 5.553 -0.0359028 
91.2816 8.8125 0.530229 0.0676767 5.62637 -0.0400566 
91.767 9.09704 0.568365 0.0636711 5.69839 -0.0440607 
92.2472 9.40376 0.604696 0.059265 5.76861 -0.0478278 
92.7218 9.73171 0.638924 0.0544822 5.8367 -0.0512476 
93.1903 10.0798 0.670755 0.0493575 5.90216 -0.0543526 
93.6527 10.4466 0.69991 0.0439222 5.965 -0.0570898 
94.1089 10.8309 0.726127 0.0382132 6.02433 -0.0593025 
94.5594 11.2309 0.749159 0.032283 6.08017 -0.0610603 
95.0046 11.6449 0.768794 0.0261769 6.13239 -0.0623567 
95.4454 12.0713 0.78485 0.0199413 6.18115 -0.0630457 
95.8827 12.5081 0.797178 0.0136367 6.22579 -0.0635248 
96.3177 12.9535 0.805669 0.00728421 6.26657 -0.0635622 
96.7517 13.4055 0.810233 0.000927988 6.30356 -0.0631934 
97.1863 13.8622 0.810818 -0.00539135 6.33709 -0.0623392 
97.6228 14.3215 0.807402 -0.0116253 6.36641 -0.0612962 
98.063 14.7815 0.8 -0.0177549 6.38574 -0.0598214 
98.5079 15.2396 0.788661 -0.023737 6.39257 -0.0579542 
98.9584 15.6931 0.773484 -0.0295325 6.38574 -0.0557271 
99.4153 16.1392 0.75462 -0.0351052 6.36503 -0.0531751 
99.879 16.5752 0.732266 -0.0404227 6.33084 -0.050322 
100.35 16.9985 0.706662 -0.0454549 6.28406 -0.0473121 
100.828 17.4065 0.678078 -0.0501861 6.22595 -0.0441362 
101.313 17.7971 0.646806 -0.0545997 6.15795 -0.0409894 
101.804 18.1682 0.61315 -0.0586987 6.08183 -0.0377754 
102.301 18.5181 0.57741 -0.0624762 5.9991 -0.0349003 
102.804 18.8456 0.539881 -0.0659662 5.91111 -0.0321639 
103.311 19.1495 0.500831 -0.0691826 5.81611 -0.0296864 
103.821 19.4287 0.460529 -0.0721513 5.71666 -0.0274315 
104.333 19.6828 0.419211 -0.0748944 5.61456 -0.0255039 
104.846 19.9113 0.377082 -0.0774448 5.51149 -0.0238691 
105.359 20.1142 0.334313 -0.0798317 5.40892 -0.0225408 
105.87 20.2917 0.291041 -0.0820858 5.30811 -0.0214782 
106.378 20.444 0.24737 -0.0842336 5.21015 -0.0206145 
106.883 20.5716 0.203379 -0.0862951 5.11646 -0.0198504 
107.384 20.675 0.159117 -0.0882801 5.02666 -0.0191739 
107.881 20.7546 0.114626 -0.0901975 4.94207 -0.018259 
108.372 20.8111 0.0699283 -0.0920234 4.86234 -0.0174203 
108.857 20.8451 0.0250566 -0.0937654 4.78801 -0.016338 
109.335 20.8571 -0.0199704 -0.0953992 4.71923 -0.014873 
109.807 20.8477 -0.0651285 -0.0968865 4.65397 -0.0133758 
110.272 20.8174 -0.110361 -0.0982241 4.59612 -0.0108281 
110.728 20.7668 -0.155652 -0.0993069 4.544 -0.00774411 
111.177 20.6963 -0.200926 -0.100081 4.49735 -0.00414662 
111.618 20.6066 -0.246086 -0.100496 4.45586 -3.04292e-05 
112.05 20.498 -0.291017 -0.100499 4.41923 0.00459426 
112.473 20.3712 -0.33558 -0.10004 4.38716 0.00970153 
112.888 20.2267 -0.379616 -0.0990695 4.35931 0.0152518 
113.293 20.0652 -0.422946 -0.0975443 4.33538 0.0211938 
113.688 19.8873 -0.46537 -0.0954249 4.31503 0.0274661 
114.074 19.6936 -0.506671 -0.0926783 4.29797 0.0339986 
114.449 19.485 -0.546618 -0.0892784 4.2839 0.0407137 
114.815 19.2624 -0.584966 -0.0852071 4.27254 0.0475269 
115.172 19.0265 -0.62146 -0.0804544 4.26364 0.0543476 
115.518 18.7782 -0.655837 -0.0750196 4.25695 0.0610793 
115.856 18.5186 -0.687832 -0.0689117 4.25228 0.0676204 
116.184 18.2487 -0.717182 -0.0621496 4.24943 0.0738641 
116.504 17.9694 -0.743626 -0.0547632 4.24825 0.0796995 
116.817 17.6818 -0.766914 -0.0467933 4.2486 0.0850122 
117.123 17.3869 -0.786809 -0.0382921 4.25038 0.0896855 
117.423 17.086 -0.803093 -0.0293235 4.25349 0.0936021 
117.719 16.7799 -0.815569 -0.0199633 4.25784 0.0966458 
118.01 16.4699 -0.82407 -0.0102987 4.26332 0.0987044 
118.3 16.157 -0.828461 -0.000428269 4.26981 0.0996722 
118.589 15.8424 -0.828644 0.00953895 4.27713 0.0994541 
118.878 15.5272 -0.824564 0.0194844 4.28198 0.0979401 
119.168 15.2127 -0.81622 0.0292784 4.28429 0.0952689 
119.462 14.9006 -0.803673 0.0388053 4.28331 0.0910749 
119.759 14.5922 -0.787043 0.0479127 4.28051 0.0856522 
120.061 14.2891 -0.766518 0.056478 4.27707 0.0791237 
120.369 13.9924 -0.742336 0.0643903 4.2742 0.0716565 
120.684 13.7035 -0.714776 0.071556 4.27306 0.0634601 
121.007 13.4234 -0.684148 0.077902 4.27472 0.0547805 
121.338 13.1532 -0.650779 0.08338 4.28009 0.0458843 
121.679 12.8939 -0.615009 0.0879685 4.28994 0.0370442 
122.029 12.6464 -0.577173 0.0916729 4.3048 0.0285223 
122.39 12.4115 -0.537599 0.0945251 4.32506 0.0205549 
122.762 12.19 -0.496594 0.0965806 4.34868 0.0133087 
123.144 11.9829 -0.454463 0.0979115 4.37438 0.00689175 
123.537 11.7908 -0.411496 0.0986007 4.40194 0.00138241 
123.94 11.6148 -0.367951 0.0987389 4.43149 -0.0031744 
124.354 11.4554 -0.324052 0.0984215 4.4632 -0.00677113 
124.777 11.3132 -0.279982 0.0977444 4.4973 -0.00943995 
125.209 11.189 -0.235883 0.0968004 4.53393 -0.0112521 
125.65 11.083 -0.191857 0.0956752 4.57378 -0.0123418 
126.099 10.9958 -0.147963 0.094441 4.61598 -0.0127786 
126.556 10.9277 -0.104239 0.0931631 4.66134 -0.0127973 
127.019 10.8792 -0.0606868 0.0918834 4.70925 -0.0124961 
127.489 10.8507 -0.0172945 0.0906338 4.7602 -0.0121195 
127.965 10.8424 0.0259675 0.0894218 4.81378 -0.0117745 
128.446 10.8549 0.0691284 0.0882444 4.86827 -0.011013 
128.932 10.8886 0.1122 0.0871431 4.92705 -0.0114872 
129.422 10.9437 0.155245 0.0859944 4.98859 -0.0123896 
129.914 11.0209 0.19825 0.0847554 5.0526 -0.0137142 
130.41 11.1204 0.241176 0.083384 5.11879 -0.0154965 
130.907 11.2426 0.283958 0.0818343 5.18682 -0.0177403 
131.405 11.388 0.326499 0.0800603 5.25636 -0.0204197 
131.903 11.5565 0.368672 0.0780183 5.32704 -0.0234843 
132.4 11.7485 0.410317 0.0756699 5.39846 -0.0268646 
132.895 11.9639 0.451245 0.0729834 5.47021 -0.0304779 
133.387 12.2024 0.49124 0.0699357 5.54188 -0.0342347 
133.876 12.4638 0.53006 0.0665122 5.61302 -0.0380379 
134.36 12.7476 0.567449 0.0627084 5.68325 -0.0417802 
134.839 13.0531 0.603135 0.0585304 5.75206 -0.0454216 
135.313 13.3794 0.63684 0.0539882 5.81908 -0.0488566 
135.781 13.7254 0.668287 0.0491025 5.88392 -0.052018 
136.242 14.09 0.697202 0.0439007 5.94624 -0.0548526 
136.698 14.4718 0.723323 0.0384155 6.00571 -0.0573184 
137.149 14.8693 0.746405 0.0326836 6.06208 -0.0593856 
137.594 15.2809 0.766225 0.0267451 6.11511 -0.061035 
138.034 15.7049 0.782584 0.0206416 6.16464 -0.0622575 
138.471 16.1396 0.795311 0.0144158 6.21057 -0.0630524 
138.906 16.5831 0.804265 0.0081106 6.25284 -0.0634244 
139.34 17.0335 0.809336 0.00176816 6.29061 -0.0633696 
139.774 17.4888 0.810448 -0.0045688 6.31968 -0.0626995 
140.209 17.9468 0.807561 -0.0108387 6.33758 -0.0617218 
140.647 18.4047 0.800692 -0.0170109 6.34362 -0.0602858 
141.089 18.8601 0.7899 -0.0230395 6.33767 -0.0584302 
141.535 19.3102 0.775295 -0.0288825 6.32006 -0.0561804 
141.987 19.7526 0.757036 -0.0345006 6.2914 -0.053642 
142.444 20.1847 0.735322 -0.0398648 6.25257 -0.0508242 
142.908 20.6041 0.710383 -0.0449472 6.20459 -0.0478815 
143.378 21.0087 0.682476 -0.0497353 6.1486 -0.0448544 
143.855 21.3965 0.651871 -0.0542208 6.08578 -0.0418325 
144.339 21.7657 0.618841 -0.058404 6.01735 -0.0389012 
144.829 22.1148 0.583657 -0.0622941 5.94448 -0.0361352 
145.325 22.4424 0.546579 -0.0659077 5.86836 -0.0335444 
145.826 22.7474 0.507846 -0.0692621 5.78994 -0.0312894 
146.332 23.029 0.467679 -0.0723911 5.70917 -0.0292582 
146.842 23.2863 0.426277 -0.0753169 5.62548 -0.0274038 
147.354 23.5189 0.383828 -0.0780573 5.53939 -0.0257078 
147.868 23.7264 0.340501 -0.080628 5.45177 -0.0241797 
148.382 23.9084 0.296449 -0.083046 5.36355 -0.0227828 
148.895 24.0651 0.251804 -0.0853243 5.27571 -0.0214659 
149.406 24.1966 0.20668 -0.0874709 5.1897 -0.0200209 
149.914 24.3031 0.161169 -0.089473 5.10518 -0.0187815 
150.417 24.385 0.115369 -0.0913511 5.02321 -0.0174535 
150.916 24.4428 0.0693531 -0.0930965 4.94438 -0.0159564 
151.41 24.4771 0.0231892 -0.0946921 4.86938 -0.0140395 
151.896 24.4884 -0.0230582 -0.0960961 4.79814 -0.0120873 
152.376 24.4773 -0.0693089 -0.0973048 4.73021 -0.0100022 
152.848 24.4446 -0.115482 -0.098305 4.66744 -0.00726011 
153.312 24.3908 -0.161514 -0.099031 4.60926 -0.00410191 
153.767 24.3167 -0.207309 -0.0994412 4.55567 -0.000535425 
154.212 24.2229 -0.252761 -0.0994948 4.50662 0.00344036 
154.649 24.1102 -0.297748 -0.0991507 4.46203 0.00781543 
155.075 23.9793 -0.342135 -0.0983692 4.42179 0.0125689 
155.492 23.8309 -0.385773 -0.0971123 4.38576 0.0176701 
155.898 23.6659 -0.428498 -0.0953453 4.35376 0.02308 
156.294 23.485 -0.470136 -0.0930373 4.32564 0.028752 
156.68 23.2891 -0.510497 -0.0901621 4.30119 0.034633 
157.055 23.0789 -0.549383 -0.0866988 4.28023 0.0406635 
157.42 22.8554 -0.586585 -0.0826324 4.26257 0.0467785 
157.775 22.6195 -0.621888 -0.0779546 4.24802 0.0529071 
158.12 22.372 -0.655071 -0.0726639 4.23638 0.0589731 
158.456 22.1139 -0.685908 -0.0667666 4.2275 0.0648947 
158.784 21.8461 -0.714176 -0.0602771 4.22119 0.070585 
159.103 21.5696 -0.739651 -0.0532186 4.21732 0.0759515 
159.414 21.2854 -0.762116 -0.0456235 4.21572 0.0808974 
159.719 20.9943 -0.781363 -0.0375337 4.21628 0.0853216 
160.018 20.6974 -0.797196 -0.0290016 4.21887 0.0891196 
160.313 20.3956 -0.809434 -0.0200896 4.22334 0.0921856 
160.604 20.0898 -0.81792 -0.010871 4.22914 0.0944037 
160.894 19.7812 -0.822518 -0.00143066 4.23373 0.0956178 
161.182 19.4709 -0.823123 0.00813112 4.23624 0.0957419 
161.47 19.1603 -0.819679 0.0177053 4.23666 0.094717 
161.759 18.8506 -0.812177 0.027177 4.23546 0.0925123 
162.05 18.5432 -0.800663 0.0364282 4.23333 0.0891311 
162.345 18.2394 -0.785235 0.0453413 4.23114 0.0846176 
162.644 17.9402 -0.766038 0.0538031 4.22977 0.0790592 
162.949 17.647 -0.743258 0.061709 4.23011 0.0725857 
163.26 17.3607 -0.717121 0.0689676 4.23302 0.0653655 
163.58 17.0825 -0.687881 0.0755041 4.23922 0.0575977 
163.907 16.8134 -0.655812 0.0812639 4.24936 0.0495027 
164.244 16.5543 -0.621204 0.0862142 4.26392 0.0413097 
164.591 16.3061 -0.584352 0.0903452 4.28326 0.0332448 
164.948 16.0698 -0.545549 0.0936696 4.30758 0.0255182 
165.316 15.8463 -0.505081 0.0962215 4.33696 0.0183131 
165.696 15.6364 -0.463221 0.0980528 4.37135 0.0117767 
166.087 15.4411 -0.420221 0.0992304 4.40946 0.00598085 
166.489 15.2612 -0.376322 0.0998285 4.44924 0.000930756 
166.903 15.0977 -0.331757 0.0999216 4.48996 -0.00335486 
167.328 14.9515 -0.286743 0.0995861 4.53148 -0.00688074 
167.762 14.8233 -0.241466 0.098898 4.57387 -0.00967746 
168.206 14.7139 -0.196083 0.0979303 4.61782 -0.0118281 
168.659 14.624 -0.150716 0.0967475 4.66256 -0.0133436 
169.12 14.554 -0.105465 0.0954131 4.70867 -0.0143692 
169.588 14.5044 -0.0604016 0.0939762 4.75635 -0.0150214 
170.063 14.4757 -0.0155711 0.0924741 4.8058 -0.0154235 
170.544 14.4682 0.0289971 0.0909317 4.85712 -0.0157014 
171.029 14.4823 0.0732859 0.0893616 4.91038 -0.0155785 
171.519 14.5182 0.117283 0.0878037 4.96568 -0.0161188 
172.012 14.5763 0.160996 0.0861919 5.02299 -0.0168704 
172.508 14.6569 0.204398 0.0845048 5.08225 -0.0178637 
173.006 14.76 0.247447 0.0827184 5.14334 -0.0191543 
173.504 14.886 0.29009 0.080803 5.2061 -0.0207757 
174.003 15.0349 0.332248 0.0787254 5.27033 -0.0227374 
174.501 15.2068 0.373825 0.0764517 5.33578 -0.0250276 
174.998 15.4017 0.414698 0.0739489 5.40216 -0.0276151 
175.492 15.6193 0.454719 0.0711874 5.46915 -0.0304534 
175.984 15.8595 0.493718 0.0681421 5.53641 -0.0334858 
176.471 16.1219 0.531503 0.0647935 5.60356 -0.036643 
176.954 16.4059 0.567862 0.0611292 5.67025 -0.0398391 
177.432 16.7109 0.602567 0.0571453 5.73601 -0.0430499 
177.905 17.036 0.635381 0.0528403 5.8005 -0.0461787 
178.372 17.3802 0.66606 0.0482225 5.86333 -0.0491625 
178.833 17.7425 0.694356 0.0433062 5.92415 -0.0519462 
179.288 18.1216 0.720027 0.0381116 5.98263 -0.0544797 
179.738 18.5161 0.742839 0.0326636 6.03847 -0.0567241 
180.183 18.9245 0.76257 0.0269912 6.09144 -0.0586446 
180.623 19.3453 0.779015 0.0211267 6.14132 -0.060217 
181.06 19.7768 0.791992 0.0151051 6.18641 -0.0613852 
181.495 20.2171 0.801337 0.00896654 6.22355 -0.0620769 
181.928 20.6641 0.806918 0.00275884 6.25112 -0.062296 
182.36 21.1156 0.808642 -0.00347075 6.26839 -0.0620556 
182.793 21.569 0.806467 -0.00967631 6.27524 -0.0613294 
183.227 22.022 0.800394 -0.0158092 6.27187 -0.060156 
183.664 22.472 0.790478 -0.0218249 6.25874 -0.0585649 
184.104 22.9168 0.776816 -0.0276813 6.2365 -0.0566011 
184.549 23.354 0.759548 -0.0333414 6.2059 -0.0543192 
184.999 23.7814 0.738849 -0.0387734 6.16777 -0.0517917 
185.455 24.1967 0.714923 -0.0439525 6.123 -0.0490932 
185.917 24.5981 0.687993 -0.0488619 6.07256 -0.0462163 
186.386 24.9837 0.658298 -0.0534835 6.01713 -0.0434614 
186.862 25.3518 0.626086 -0.0578296 5.95771 -0.0406859 
187.345 25.7009 0.591594 -0.0618982 5.89497 -0.0381245 
187.835 26.0297 0.555059 -0.0657107 5.82974 -0.0356639 
188.33 26.3369 0.516696 -0.0692771 5.76263 -0.0334527 
188.831 26.6216 0.47671 -0.0726223 5.69429 -0.0313983 
189.337 26.8829 0.435284 -0.0757622 5.62523 -0.0295601 
189.847 27.1201 0.392584 -0.0787182 5.55581 -0.0278544 
190.36 27.3326 0.348759 -0.0815036 5.48465 -0.0261608 
190.876 27.5201 0.303958 -0.0841197 5.41156 -0.0244443 
191.392 27.682 0.258329 -0.0865641 5.33685 -0.0226718 
191.908 27.8184 0.212015 -0.0888313 5.26168 -0.0206568 
192.423 27.9291 0.165151 -0.090897 5.18558 -0.0187683 
192.934 28.0143 0.117886 -0.0927738 5.10961 -0.0167414 
193.441 28.0744 0.0703456 -0.0944479 5.03444 -0.0145306 
193.944 28.1098 0.0226545 -0.095901 4.96067 -0.0121093 
194.44 28.1211 -0.0250652 -0.0971119 4.88884 -0.00945437 
194.928 28.1088 -0.0726915 -0.0980574 4.81832 -0.00682682 
195.409 28.0738 -0.120091 -0.09874 4.75165 -0.00355713 
195.881 28.0169 -0.167162 -0.0990958 4.68827 -1.5781e-05 
196.343 27.9389 -0.213773 -0.0990973 4.62839 0.00377034 
196.795 27.8407 -0.25979 -0.0987203 4.57218 0.00779734 
197.237 27.7232 -0.305074 -0.0979406 4.51975 0.0120567 
197.668 27.5875 -0.349483 -0.0967349 4.47119 0.0165345 
198.088 27.4344 -0.39287 -0.0950815 4.42655 0.0212125 
198.497 27.2649 -0.435086 -0.0929602 4.38586 0.026068 
198.895 27.0801 -0.475974 -0.0903534 4.34909 0.0310745 
199.281 26.8808 -0.515377 -0.0872459 4.31622 0.0362013 
199.657 26.6681 -0.55313 -0.0836258 4.28718 0.0414134 
200.022 26.4428 -0.589066 -0.0794845 4.26192 0.0466713 
200.376 26.206 -0.623013 -0.0748173 4.24033 0.0519306 
200.721 25.9586 -0.654797 -0.0696243 4.22232 0.0571411 
201.055 25.7015 -0.684243 -0.0639102 4.20778 0.0622473 
201.382 25.4355 -0.711171 -0.0576854 4.19659 0.0671872 
201.699 25.1616 -0.735406 -0.0509667 4.18862 0.0718925 
202.01 24.8806 -0.756773 -0.0437775 4.18376 0.0762885 
202.314 24.5933 -0.7751 -0.0361486 4.18185 0.0802944 
202.613 24.3007 -0.790223 -0.0281192 4.18197 0.0839283 
202.907 24.0036 -0.801986 -0.0197264 4.18186 0.0867528 
203.198 23.703 -0.810236 -0.0110511 4.18101 0.0888572 
203.486 23.4001 -0.814857 -0.00216536 4.17928 0.0901538 
203.773 23.096 -0.815762 0.00685003 4.17725 0.0907231 
204.059 22.7918 -0.8129 0.0159223 4.1745 0.0901198 
204.346 22.4886 -0.806253 0.0249343 4.17194 0.0885289 
204.635 22.1875 -0.795849 0.0337872 4.17021 0.0859424 
204.927 21.8896 -0.781753 0.0423815 4.16997 0.0823793 
205.223 21.5958 -0.76407 0.0506194 4.17188 0.0778933 
205.524 21.3072 -0.742934 0.0584087 4.17654 0.0725723 
205.831 21.0246 -0.718511 0.065666 4.18452 0.0665345 
206.146 20.7492 -0.690994 0.0723194 4.19627 0.0599241 
206.47 20.4818 -0.660594 0.0783118 4.21218 0.0529043 
206.802 20.2233 -0.62754 0.0836022 4.23251 0.0456493 
207.145 19.9748 -0.592072 0.0881672 4.25745 0.0383358 
207.498 19.7372 -0.554438 0.0920008 4.28704 0.0311343 
207.863 19.5115 -0.514885 0.0951142 4.32127 0.0242005 
208.239 19.2987 -0.473659 0.0975342 4.35999 0.0176688 
208.627 19.0998 -0.430999 0.0993011 4.403 0.0116462 
209.027 18.9159 -0.387133 0.100466 4.45004 0.00620899 
209.439 18.7479 -0.342274 0.101087 4.50077 0.00140083 
209.863 18.5968 -0.296622 0.101227 4.5536 -0.0028643 
210.298 18.4637 -0.250369 0.10094 4.60601 -0.00656618 
210.745 18.3496 -0.203717 0.100284 4.65856 -0.00977779 
211.201 18.2553 -0.156842 0.0993059 4.71019 -0.0124556 
211.666 18.1818 -0.109913 0.0980603 4.76141 -0.0146845 
212.139 18.1295 -0.063072 0.0965919 4.81248 -0.0165165 
212.62 18.0992 -0.0164422 0.0949402 4.86365 -0.0180122 
213.106 18.0912 0.0298726 0.093139 4.91519 -0.0192397 
213.597 18.1059 0.0757851 0.091215 4.96547 -0.0197499 
214.092 18.1435 0.121204 0.08924 5.01827 -0.0208855 
214.591 18.2042 0.166106 0.0871515 5.0723 -0.0219727 
215.091 18.288 0.210424 0.0849542 5.12758 -0.0230292 
215.592 18.3951 0.25409 0.0826513 5.18408 -0.024126 
216.094 18.5254 0.297035 0.0802387 5.24177 -0.0253233 
216.595 18.6789 0.339185 0.0777064 5.30058 -0.0266675 
217.095 18.8552 0.380457 0.0750396 5.36037 -0.0281903 
217.593 19.0543 0.420756 0.0722206 5.42099 -0.029909 
218.088 19.2757 0.459975 0.0692297 5.48223 -0.0318259 
218.579 19.5191 0.497989 0.0660471 5.54387 -0.0339315 
219.066 19.7839 0.534658 0.062654 5.60563 -0.0361996 
219.548 20.0695 0.569826 0.059034 5.66726 -0.0385815 
220.025 20.3752 0.603321 0.0551758 5.72835 -0.041083 
220.497 20.7003 0.63496 0.0510675 5.78862 -0.0436306 
220.963 21.0436 0.664547 0.0467045 5.84775 -0.0461753 
221.424 21.4042 0.691878 0.042087 5.90539 -0.0486693 
221.878 21.781 0.716747 0.03722 5.96125 -0.0510647 
222.328 22.1726 0.738945 0.0321136 6.01517 -0.0532462 
222.772 22.5777 0.758268 0.0267889 6.06405 -0.0552902 
223.213 22.9947 0.774517 0.0212599 6.10598 -0.0570299 
223.649 23.4218 0.7875 0.0155569 6.13987 -0.0584284 
224.082 23.8568 0.797053 0.00971409 6.16581 -0.0595431 
224.513 24.2979 0.803043 0.00375978 6.18237 -0.0601088 
224.943 24.7427 0.805367 -0.0022511 6.19021 -0.0602605 
225.371 25.1891 0.803973 -0.00827715 6.18972 -0.059986 
225.801 25.6348 0.79885 -0.0142758 6.18153 -0.0591628 
226.232 26.0777 0.790025 -0.020192 6.16585 -0.0581253 
226.666 26.5157 0.777573 -0.0260046 6.14342 -0.0567016 
227.104 26.9467 0.761594 -0.0316747 6.11488 -0.0549437 
227.546 27.3687 0.742219 -0.0371691 6.08085 -0.0529131 
227.995 27.7797 0.719606 -0.0424604 6.04198 -0.050672 
228.449 28.1779 0.693936 -0.0475276 5.99887 -0.048288 
228.91 28.5616 0.665404 -0.0523564 5.9521 -0.0458249 
229.378 28.9291 0.634212 -0.0569389 5.90222 -0.0433393 
229.854 29.2788 0.600569 -0.0612728 5.84972 -0.0408814 
230.336 29.6094 0.564681 -0.065361 5.79512 -0.0383638 
230.826 29.9195 0.52675 -0.0691973 5.73871 -0.036109 
231.322 30.208 0.486976 -0.0728082 5.68088 -0.0339395 
231.824 30.4738 0.445541 -0.0762022 5.62195 -0.0318466 
232.331 30.7161 0.402618 -0.0793869 5.56221 -0.0298053 
232.843 30.9341 0.358368 -0.0823674 5.50187 -0.0278127 
233.358 31.127 0.312948 -0.0851487 5.44114 -0.0258234 
233.876 31.2946 0.266505 -0.087731 5.37963 -0.0237457 
234.395 31.4362 0.219187 -0.0901056 5.31709 -0.021324 
234.914 31.5518 0.171147 -0.092238 5.25221 -0.0189451 
235.432 31.6413 0.122564 -0.0941325 5.1856 -0.0163647 
235.946 31.7047 0.0736062 -0.0957689 5.1177 -0.0135625 
236.457 31.7423 0.0244441 -0.0971252 5.04929 -0.0105093 
236.961 31.7547 -0.024752 -0.0981761 4.9805 -0.00727917 
237.459 31.7423 -0.0738063 -0.098904 4.91124 -0.00401357 
237.949 31.7061 -0.122539 -0.0993054 4.84362 -0.000311952 
238.43 31.6469 -0.170798 -0.0993366 4.77753 0.00357325 
238.901 31.5657 -0.218413 -0.0989793 4.7134 0.00760486 
239.361 31.4636 -0.265219 -0.0982188 4.65164 0.0117631 
239.81 31.3417 -0.311054 -0.0970425 4.59258 0.0160285 
240.247 31.2011 -0.355762 -0.0954396 4.53655 0.0203815 
240.672 31.0431 -0.399191 -0.0934015 4.48381 0.0248038 
241.085 30.8688 -0.441192 -0.0909211 4.43458 0.0292776 
241.486 30.6795 -0.481624 -0.0879933 4.38906 0.0337864 
241.875 30.4761 -0.520344 -0.0846147 4.34739 0.0383132 
242.252 30.26 -0.557218 -0.0807834 4.30967 0.0428408 
242.618 30.0321 -0.592109 -0.0764993 4.27599 0.0473498 
242.973 29.7934 -0.624884 -0.0717643 4.24639 0.0518182 
243.317 29.545 -0.65541 -0.0665825 4.22088 0.0562199 
243.652 29.2878 -0.683555 -0.0609605 4.19944 0.0605239 
243.978 29.0226 -0.709187 -0.0549081 4.18204 0.0646933 
244.295 28.7502 -0.732173 -0.0484388 4.16841 0.0686811 
244.605 28.4716 -0.75238 -0.0415707 4.15693 0.072405 
244.908 28.1875 -0.769671 -0.0343302 4.14672 0.0757947 
245.206 27.8989 -0.783912 -0.0267507 4.13758 0.0789081 
245.499 27.6068 -0.794983 -0.0188599 4.1289 0.0813537 
245.788 27.312 -0.802771 -0.0107245 4.12094 0.083241 
246.075 27.0156 -0.807191 -0.00240042 4.11393 0.0844938 
246.359 26.7185 -0.808178 0.00604896 4.10857 0.085204 
246.643 26.4214 -0.805693 0.0145694 4.10443 0.0849304 
246.927 26.1253 -0.799713 0.0230624 4.10225 0.0838626 
247.213 25.8311 -0.79025 0.0314487 4.10247 0.0819846 
247.502 25.5397 -0.777344 0.0396471 4.10549 0.0792977 
247.795 25.2517 -0.761058 0.0475769 4.11171 0.075828 
248.092 24.9681 -0.741481 0.0551597 4.12148 0.0716258 
248.396 24.6898 -0.718724 0.0623223 4.1351 0.0667634 
248.707 24.4175 -0.69292 0.0689986 4.1528 0.0613332 
249.027 24.1522 -0.664221 0.0751319 4.17475 0.0554433 
249.356 23.8949 -0.632796 0.0806763 4.20106 0.0492138 
249.694 23.6464 -0.59883 0.0855976 4.23174 0.0427709 
250.044 23.4079 -0.562518 0.0898747 4.26675 0.036242 
250.405 23.1803 -0.524067 0.0934989 4.30597 0.0297505 
250.778 22.9649 -0.483689 0.096474 4.34921 0.023411 
251.163 22.7626 -0.4416 0.0988151 4.39624 0.0173238 
251.56 22.5747 -0.398017 0.100547 4.44677 0.0115734 
251.97 22.4024 -0.353154 0.101705 4.50046 0.00622494 
252.392 22.2467 -0.307224 0.102327 4.55761 0.00130914 
252.827 22.1089 -0.260424 0.102458 4.61664 -0.00310968 
253.273 21.99 -0.212956 0.102147 4.67763 -0.00705887 
253.73 21.8911 -0.165009 0.101441 4.73868 -0.0106303 
254.198 21.8133 -0.116773 0.100378 4.79883 -0.0138393 
254.674 21.7574 -0.0684409 0.0989944 4.85765 -0.0166905 
255.159 21.7242 -0.0201952 0.0973254 4.91508 -0.0191959 
255.65 21.7142 0.0277926 0.0954058 4.97124 -0.0213747 
256.147 21.7281 0.0753655 0.0932683 5.02493 -0.0229919 
256.648 21.7659 0.122368 0.0909691 5.07906 -0.024721 
257.152 21.8279 0.1687 0.088497 5.13285 -0.0262268 
257.658 21.9141 0.214243 0.0858743 5.18648 -0.0275283 
258.165 22.0243 0.258891 0.0831215 5.24012 -0.0286817 
258.672 22.1585 0.302549 0.0802533 5.29393 -0.0297445 
259.177 22.3162 0.345126 0.0772789 5.34802 -0.0307726 
259.68 22.4972 0.386537 0.0742016 5.40243 -0.0318176 
260.181 22.7008 0.426698 0.0710198 5.4572 -0.0329245 
260.677 22.9267 0.46552 0.0677274 5.5123 -0.0341295 
261.17 23.1741 0.502911 0.0643144 5.56763 -0.0354587 
261.658 23.4425 0.538768 0.0607686 5.62308 -0.0369273 
262.14 23.731 0.572981 0.0570758 5.67851 -0.0385209 
262.618 24.0388 0.605426 0.0532237 5.73366 -0.0402791 
263.089 24.3651 0.635972 0.0491958 5.78832 -0.0421568 
263.555 24.7089 0.664471 0.0449802 5.84224 -0.0441284 
264.015 25.0692 0.690767 0.0405673 5.8936 -0.046146 
264.469 25.4447 0.714689 0.0359527 5.94063 -0.0481559 
264.918 25.834 0.736057 0.0311371 5.98263 -0.050169 
265.361 26.2357 0.754691 0.0261202 6.01809 -0.0519724 
265.799 26.648 0.770414 0.020923 6.04701 -0.0536145 
266.233 27.0691 0.783068 0.0155615 6.06927 -0.0550397 
266.663 27.4973 0.792513 0.0100576 6.08518 -0.0564904 
267.091 27.9306 0.798634 0.00440852 6.09433 -0.0571857 
267.516 28.3672 0.80132 -0.00131006 6.09719 -0.0575849 
267.94 28.8051 0.800522 -0.00706855 6.09406 -0.057661 
268.364 29.2425 0.796214 -0.0128347 6.08545 -0.0572769 
268.79 29.6775 0.788403 -0.0185623 6.0714 -0.0567549 
269.218 30.1081 0.777132 -0.0242378 6.05244 -0.0559035 
269.65 30.5325 0.762459 -0.0298282 6.02896 -0.0547519 
270.086 30.9489 0.74447 -0.0353034 6.00135 -0.053338 
270.527 31.3555 0.723275 -0.0406372 5.96999 -0.0516981 
270.974 31.7507 0.699001 -0.045807 5.93524 -0.049874 
271.429 32.1326 0.671795 -0.0507944 5.89743 -0.0479044 
271.89 32.4996 0.641813 -0.0555848 5.85689 -0.0458247 
272.36 32.8502 0.609224 -0.0601673 5.81388 -0.0436673 
272.836 33.1829 0.574201 -0.064534 5.76868 -0.0414549 
273.321 33.4963 0.536922 -0.0686795 5.72151 -0.0392037 
273.812 33.7889 0.497565 -0.0725999 5.67258 -0.0369218 
274.311 34.0597 0.45631 -0.0762921 5.62207 -0.0346093 
274.816 34.3074 0.413334 -0.079753 5.57016 -0.0321507 
275.326 34.5311 0.368816 -0.0829681 5.51697 -0.0297932 
275.84 34.73 0.322938 -0.0859474 5.46263 -0.0273641 
276.358 34.9034 0.275872 -0.0886838 5.40728 -0.024833 
276.879 35.0507 0.227792 -0.0911671 5.35163 -0.0220074 
277.4 35.1715 0.178867 -0.0933678 5.29468 -0.0192727 
277.921 35.2657 0.129288 -0.0952951 5.23686 -0.0163613 
278.44 35.3332 0.0792313 -0.0969312 5.17749 -0.0131829 
278.956 35.3742 0.0288875 -0.0982495 5.11664 -0.00971395 
279.468 35.389 -0.0215457 -0.0992209 5.05403 -0.00604808 
279.973 35.3781 -0.0718574 -0.0998257 4.9897 -0.00224979 
280.471 35.3423 -0.121834 -0.100051 4.925 0.00183658 
280.96 35.2824 -0.171274 -0.099867 4.86012 0.00606927 
281.438 35.1996 -0.219972 -0.0992601 4.79557 0.0104022 
281.906 35.095 -0.26773 -0.0982199 4.73189 0.0147985 
282.363 34.9698 -0.314357 -0.0967401 4.66958 0.0192234 
282.807 34.8254 -0.359672 -0.0948177 4.60911 0.0236453 
283.238 34.6632 -0.403506 -0.0924532 4.55095 0.0280369 
283.657 34.4845 -0.445701 -0.0896495 4.4955 0.0323759 
284.062 34.2907 -0.486111 -0.0864119 4.44313 0.0366449 
284.455 34.0831 -0.524601 -0.0827474 4.39417 0.0408306 
284.836 33.863 -0.561045 -0.0786643 4.34891 0.044923 
285.204 33.6316 -0.595326 -0.074172 4.30756 0.0489138 
285.561 33.3901 -0.627335 -0.0692807 4.27034 0.0527952 
285.906 33.1394 -0.656967 -0.0640011 4.23702 0.0565569 
286.242 32.8806 -0.684122 -0.0583455 4.20678 0.0601771 
286.568 32.6148 -0.708694 -0.0523277 4.17917 0.0636276 
286.885 32.3428 -0.730583 -0.045965 4.15392 0.0668739 
287.194 32.0656 -0.74969 -0.0392776 4.13093 0.0698749 
287.497 31.7841 -0.765924 -0.0322901 4.11021 0.0725835 
287.793 31.4992 -0.7792 -0.0250318 4.09207 0.0750802 
288.084 31.2116 -0.789445 -0.0175237 4.07616 0.0769963 
288.371 30.9222 -0.796589 -0.00982411 4.06285 0.0784705 
288.655 30.6317 -0.800581 -0.00197706 4.05234 0.0794513 
288.937 30.3409 -0.801382 0.00596808 4.04483 0.0798899 
289.219 30.0503 -0.798968 0.0139571 4.04052 0.0797463 
289.501 29.7608 -0.793328 0.0219317 4.03963 0.0789899 
289.784 29.4729 -0.784467 0.0298307 4.04234 0.0776015 
290.07 29.1873 -0.772405 0.0375908 4.04883 0.0755744 
290.36 28.9047 -0.757178 0.0451483 4.05926 0.0729157 
290.655 28.6259 -0.738838 0.0524398 4.07376 0.0696466 
290.956 28.3516 -0.717456 0.0594045 4.09242 0.0658023 
291.265 28.0825 -0.693117 0.0659847 4.1153 0.0614316 
291.581 27.8196 -0.665922 0.0721279 4.14242 0.0565956 
291.907 27.5637 -0.635992 0.0777875 4.17373 0.0513658 
292.243 27.3158 -0.60346 0.082924 4.20918 0.0458223 
292.589 27.0769 -0.568476 0.0875063 4.24862 0.0400511 
292.947 26.8482 -0.531202 0.0915114 4.2919 0.0341412 
293.317 26.6308 -0.491817 0.0949255 4.33879 0.0281823 
293.7 26.4259 -0.450506 0.0977437 4.38904 0.0222608 
294.095 26.2348 -0.407469 0.0999698 4.44236 0.0164585 
294.503 26.0587 -0.36291 0.101616 4.49844 0.0108495 
294.923 25.899 -0.317041 0.102701 4.55693 0.00549823 
295.356 25.757 -0.270076 0.10325 4.61749 0.000457665 
295.801 25.6338 -0.22223 0.103296 4.67974 -0.00423142 
296.258 25.5306 -0.173717 0.102873 4.74332 -0.00854125 
296.725 25.4486 -0.124749 0.102019 4.80788 -0.0124573 
297.202 25.3888 -0.0755282 0.100773 4.87305 -0.0159768 
297.688 25.352 -0.0262541 0.0991755 4.93839 -0.0191146 
298.182 25.3391 0.0228839 0.0972641 5.00268 -0.0219336 
298.682 25.3505 0.071696 0.0950707 5.06349 -0.0252257 
299.187 25.3868 0.119981 0.0925481 5.12408 -0.0271639 
299.696 25.4481 0.167539 0.0898317 5.18299 -0.0287659 
300.207 25.5345 0.214224 0.0869552 5.24026 -0.0301805 
300.719 25.6459 0.259906 0.0839371 5.29605 -0.0314336 
301.23 25.7821 0.304464 0.0807937 5.35054 -0.0325547 
301.741 25.9425 0.347788 0.0775383 5.40395 -0.0335791 
302.249 26.1266 0.389773 0.0741804 5.45649 -0.0345448 
302.754 26.334 0.430324 0.0707259 5.50831 -0.0354898 
303.254 26.5638 0.469347 0.0671769 5.55956 -0.0364501 
303.75 26.8152 0.506751 0.0635319 5.61032 -0.0374588 
304.241 27.0875 0.542442 0.059786 5.66065 -0.0385395 
304.725 27.3797 0.576325 0.0559321 5.70984 -0.0397178 
305.204 27.6909 0.608295 0.0519603 5.75683 -0.0410003 
305.677 28.0199 0.638235 0.0478603 5.8009 -0.042341 
306.143 28.3655 0.666019 0.0436262 5.84139 -0.043812 
306.602 28.7264 0.691519 0.039245 5.87796 -0.0453274 
307.055 29.1012 0.714599 0.0347122 5.91034 -0.0468511 
307.501 29.4885 0.735123 0.0300271 5.93876 -0.0484083 
307.942 29.8868 0.752961 0.0251863 5.96231 -0.0498032 
308.377 30.2945 0.767981 0.020206 5.98131 -0.0510986 
308.807 30.7101 0.780068 0.0150961 5.99576 -0.0522578 
309.233 31.1318 0.78912 0.00987031 6.00574 -0.0532456 
309.656 31.558 0.795048 0.00454575 6.01133 -0.0540339 
310.077 31.9872 0.797781 -0.000857638 6.01263 -0.0546027 
310.497 32.4175 0.797265 -0.00631791 6.00976 -0.0549336 
310.917 32.8475 0.793468 -0.0118113 6.00288 -0.0550096 
311.338 33.2754 0.786378 -0.0173122 5.99214 -0.0548564 
311.761 33.6995 0.776003 -0.0227979 5.9777 -0.0544585 
312.188 34.1182 0.762373 -0.0282437 5.95975 -0.0538237 
312.619 34.5298 0.745536 -0.0336261 6.32183 -0.0589308 
313.083 34.9587 0.72427 -0.0395192 6.64704 -0.0631438 
313.581 35.3991 0.697988 -0.0458335 6.85366 -0.0647794 
314.106 35.8396 0.666553 -0.0523115 6.92416 -0.0636464 
314.65 36.2677 0.630299 -0.0586761 6.868 -0.0598409 
315.205 36.6725 0.589954 -0.0646602 6.70974 -0.0537674 
315.763 37.0457 0.546508 -0.070037 6.48129 -0.0460456 
316.317 37.3826 0.50104 -0.0746415 6.21572 -0.0374576 
316.862 37.6811 0.454559 -0.0783873 5.9427 -0.0288547 
317.396 37.9421 0.40788 -0.0812727 5.68571 -0.0210389 
317.918 38.1676 0.361569 -0.0833766 5.471 -0.0134977 
318.429 38.3611 0.315847 -0.0847264 5.28554 -0.00948376 
318.932 38.5253 0.270957 -0.0856748 5.14006 -0.00726052 
319.427 38.6629 0.226812 -0.0864008 5.03455 -0.00673463 
319.918 38.7761 0.183204 -0.0870743 4.96673 -0.00761947 
320.406 38.8666 0.139847 -0.0878363 4.92333 -0.0094909 
320.893 38.9352 0.0964911 -0.0887853 4.89921 -0.0118155 
321.381 38.9824 0.0528787 -0.0899669 4.88709 -0.0141169 
321.869 39.0082 0.00879205 -0.0913786 4.88185 -0.015944 
322.357 39.0125 -0.0359422 -0.092973 4.87525 -0.0169802 
322.844 38.995 -0.0814 -0.094671 4.86233 -0.0170897 
323.329 38.9555 -0.12757 -0.09638 4.84638 -0.0156989 
323.81 38.8938 -0.174425 -0.0979499 4.82387 -0.0130047 
324.285 38.8101 -0.221826 -0.0992503 4.7944 -0.00901019 
324.753 38.7046 -0.269568 -0.100151 4.7584 -0.00379 
325.211 38.5779 -0.317384 -0.10053 4.71678 0.00252366 
325.659 38.4307 -0.364962 -0.100278 4.67062 0.00975507 
326.096 38.264 -0.411956 -0.0993025 4.62105 0.0176979 
326.519 38.079 -0.457995 -0.0975327 4.56906 0.0261269 
326.929 37.8769 -0.5027 -0.09492 4.51549 0.0348089 
327.325 37.6594 -0.545691 -0.0914391 4.46103 0.0435113 
327.706 37.4279 -0.586596 -0.087088 4.40624 0.0520092 
328.073 37.184 -0.625066 -0.0818871 4.35162 0.0600923 
328.426 36.9293 -0.66078 -0.0758778 4.29768 0.0675705 
328.765 36.6656 -0.693453 -0.0691208 4.24498 0.0742784 
329.091 36.3942 -0.722841 -0.061693 4.19417 0.0800795 
329.406 36.1168 -0.748749 -0.053685 4.14602 0.0848691 
329.71 35.8345 -0.771029 -0.0451981 4.10136 0.0885765 
330.004 35.5487 -0.789579 -0.0363404 4.06111 0.0911663 
330.29 35.2604 -0.804343 -0.0272238 4.02614 0.0926373 
330.569 34.9703 -0.815307 -0.0179601 3.99729 0.0930211 
330.843 34.6794 -0.822487 -0.00865798 3.97522 0.0923777 
331.114 34.388 -0.825929 0.000579787 3.96044 0.0907908 
331.382 34.0969 -0.825699 0.00965886 3.9532 0.0883614 
331.65 33.8063 -0.82188 0.018495 3.95351 0.0852017 
331.919 33.5167 -0.814568 0.0270152 3.96118 0.0814281 
332.191 33.2286 -0.803864 0.035158 3.97578 0.077156 
332.467 32.9423 -0.78988 0.0428736 3.99676 0.0724951 
332.748 32.6584 -0.772734 0.0501231 4.02345 0.0675462 
333.036 32.3776 -0.75255 0.0568777 4.05517 0.0623996 
333.332 32.1004 -0.72946 0.0631177 4.09121 0.0571342 
333.637 31.8277 -0.703603 0.0688311 4.13094 0.0518182 
333.952 31.5605 -0.675125 0.0740129 4.17378 0.0465101 
334.278 31.2996 -0.644177 0.0786639 4.21923 0.0412595 
334.616 31.0462 -0.610918 0.0827899 4.26689 0.036109 
334.965 30.8015 -0.575512 0.0864008 4.31641 0.0310949 
335.327 30.5665 -0.538124 0.0895103 4.36753 0.0262477 
335.702 30.3427 -0.498926 0.092135 4.42001 0.0215931 
336.09 30.1312 -0.458086 0.0942944 4.47587 0.0172237 
336.492 29.9333 -0.415756 0.0960167 4.52955 0.0129946 
336.906 29.7503 -0.37213 0.0973162 4.58418 0.00898659 
337.333 29.5836 -0.327378 0.0982148 4.63984 0.00522269 
337.773 29.4344 -0.28166 0.0987371 4.69644 0.00170626 
338.224 29.3039 -0.235138 0.0989077 4.75384 -0.00156857 
338.686 29.1932 -0.187965 0.0987509 4.8119 -0.00461493 
339.159 29.1032 -0.140292 0.0982894 4.87051 -0.00745216 
339.641 29.0351 -0.092265 0.0975442 4.92955 -0.0101046 
340.132 28.9897 -0.044027 0.0965337 4.98893 -0.0126002 
340.63 28.9678 0.00428316 0.0952737 5.04857 -0.0149692 
341.135 28.9699 0.0525288 0.0937768 5.10834 -0.0172417 
341.645 28.9967 0.100574 0.0920526 5.16763 -0.0191494 
342.159 29.0486 0.148278 0.0901377 5.22749 -0.0214412 
342.676 29.1259 0.195526 0.0879935 5.28718 -0.0237027 
343.195 29.2286 0.24217 0.0856233 5.34645 -0.0259385 
343.714 29.3568 0.28806 0.0830294 5.40501 -0.0281628 
344.232 29.5103 0.333041 0.0802131 5.46256 -0.0303835 
344.749 29.6889 0.376952 0.0771748 5.51875 -0.032602 
345.262 29.8921 0.419628 0.0739146 5.57324 -0.0348122 
345.771 30.1191 0.460897 0.0704334 5.62567 -0.0370018 
346.275 30.3693 0.500587 0.0667332 5.67568 -0.0391529 
346.772 30.6417 0.538519 0.0628179 5.72293 -0.0412434 
347.264 30.9352 0.574516 0.0586936 5.7671 -0.0432482 
347.748 31.2486 0.608404 0.0543687 5.8079 -0.0451411 
348.224 31.5806 0.640012 0.0498546 5.84509 -0.0468963 
348.693 31.9297 0.669177 0.045165 5.87835 -0.048455 
349.154 32.2943 0.695745 0.0403195 5.90793 -0.0498825 
349.608 32.673 0.719578 0.0353313 5.93353 -0.0511109 
350.054 33.0641 0.740551 0.0302202 5.95506 -0.052128 
350.494 33.4658 0.758552 0.0250074 5.97259 -0.05293 
350.927 33.8767 0.773491 0.0197144 5.98615 -0.0535171 
351.355 34.2949 0.785294 0.0143627 5.99588 -0.0538959 
351.779 34.7188 0.793906 0.00897308 6.0019 -0.0540773 
352.2 35.1468 0.799292 0.00356535 6.00433 -0.0540755 
352.619 35.5772 0.801433 -0.0018422 6.0033 -0.0539064 
353.036 36.0085 0.800327 -0.00723284 5.99889 -0.0535867 
353.454 36.439 0.795988 -0.0125915 5.9912 -0.0531324 
353.873 36.8671 0.788444 -0.0179047 5.98029 -0.0525577 
354.295 37.2912 0.777735 -0.0231605 5.96622 -0.0518743 
354.72 37.7099 0.763915 -0.028348 5.94904 -0.0510905 
355.15 38.1214 0.747046 -0.033457 5.92878 -0.0502108 
355.585 38.5242 0.727202 -0.0384781 5.90549 -0.0492364 
356.026 38.9168 0.704468 -0.0434017 5.87922 -0.048165 
356.474 39.2976 0.678935 -0.0482182 5.85009 -0.046951 
356.929 39.6649 0.650705 -0.0529133 5.81804 -0.0456856 
357.392 40.0174 0.619891 -0.0574819 5.78322 -0.0442975 
357.863 40.3533 0.586611 -0.0619116 5.74576 -0.0427758 
358.341 40.6714 0.550993 -0.0661892 5.70578 -0.0411103 
358.827 40.9701 0.513172 -0.0703003 5.66341 -0.0392909 
359.321 41.2481 0.473292 -0.0742293 5.61878 -0.037308 
359.821 41.5043 0.431507 -0.0779601 5.57204 -0.035153 
360.327 41.7373 0.387979 -0.0814754 5.52663 -0.0327559 
360.839 41.9464 0.342851 -0.084751 5.47509 -0.0302888 
361.354 42.1304 0.296338 -0.0877799 5.42144 -0.0275997 
361.873 42.2888 0.248626 -0.0905399 5.36639 -0.0247027 
362.393 42.4208 0.199905 -0.0930101 5.31301 -0.021618 
362.914 42.5263 0.150346 -0.0951719 5.25536 -0.018367 
363.433 42.605 0.100178 -0.0970086 5.19858 -0.014919 
363.951 42.657 0.0495886 -0.0985006 5.13853 -0.0113077 
364.464 42.6825 -0.00119054 -0.0996313 5.07898 -0.00750555 
364.972 42.6819 -0.0519612 -0.100382 5.01747 -0.00358636 
365.473 42.6558 -0.102497 -0.100741 4.95313 0.000304116 
365.965 42.6052 -0.152565 -0.10071 4.89159 0.00455366 
366.449 42.5308 -0.201995 -0.100255 4.83078 0.0088683 
366.922 42.4339 -0.250589 -0.0993679 4.77055 0.013236 
367.384 42.3156 -0.29815 -0.0980443 4.71093 0.0176427 
367.835 42.1772 -0.344486 -0.09628 4.65205 0.0220719 
368.272 42.0201 -0.389415 -0.0940728 4.59409 0.0265057 
368.697 41.8457 -0.432761 -0.0914223 4.53724 0.0309241 
369.109 41.6554 -0.474357 -0.0883299 4.48175 0.035305 
369.508 41.4507 -0.514048 -0.0847994 4.42788 0.0396247 
369.894 41.233 -0.551686 -0.0808369 4.3759 0.043858 
370.266 41.0036 -0.587137 -0.0764511 4.32609 0.0479782 
370.626 40.764 -0.620275 -0.0716533 4.27869 0.0519576 
370.975 40.5153 -0.650986 -0.0664575 4.23398 0.0557678 
371.311 40.2587 -0.679165 -0.0608807 4.19217 0.0593794 
371.638 39.9954 -0.704719 -0.0549428 4.15348 0.0627629 
371.954 39.7263 -0.727562 -0.0486665 4.11812 0.0658882 
372.262 39.4524 -0.74762 -0.0420777 4.08626 0.0687252 
372.561 39.1746 -0.764824 -0.0352051 4.05809 0.0712436 
372.854 38.8936 -0.779116 -0.0280808 4.03378 0.0734137 
373.141 38.6102 -0.790447 -0.0207394 4.01349 0.0752067 
373.423 38.325 -0.798771 -0.0132187 3.9974 0.0765948 
373.702 38.0385 -0.804056 -0.00555927 3.98569 0.077552 
373.979 37.7515 -0.806272 0.00219593 3.97855 0.0780547 
374.254 37.4644 -0.805398 0.0100014 3.97614 0.0780823 
374.53 37.1776 -0.801421 0.0178096 3.97863 0.0776176 
374.806 36.8918 -0.794335 0.0255714 3.98617 0.0766475 
375.086 36.6075 -0.784139 0.0332362 3.99887 0.0751635 
375.369 36.3251 -0.770844 0.0407525 4.01682 0.0731621 
375.657 36.0452 -0.754465 0.0480687 4.04004 0.0706452 
375.951 35.7685 -0.73503 0.0551332 4.06851 0.0676207 
376.253 35.4957 -0.712576 0.0618953 4.10212 0.0641025 
376.564 35.2275 -0.687154 0.0683056 4.14071 0.0601113 
376.884 34.9648 -0.658826 0.0743167 4.18406 0.0556749 
377.215 34.7087 -0.627674 0.0798842 4.23184 0.0508281 
377.557 34.4601 -0.593796 0.084967 4.2837 0.0456137 
377.912 34.2205 -0.557311 0.0895284 4.3392 0.0400823 
378.28 33.991 -0.518359 0.0935366 4.39784 0.0342922 
378.662 33.7731 -0.477103 0.0969658 4.46127 0.028381 
379.059 33.5682 -0.433708 0.0998039 4.52366 0.0222634 
379.469 33.3781 -0.388409 0.10203 4.58747 0.0160882 
379.894 33.2044 -0.34144 0.103639 4.65238 0.00995655 
380.332 33.0486 -0.29305 0.104635 4.71783 0.00396003 
380.784 32.9123 -0.243504 0.105031 4.78325 -0.00181348 
381.248 32.797 -0.19308 0.104849 4.84809 -0.00728077 
381.724 32.7039 -0.142061 0.104121 4.91188 -0.0123659 
382.21 32.6344 -0.0907318 0.102885 4.97425 -0.0170034 
382.705 32.5893 -0.0393731 0.101184 5.03489 -0.0211408 
383.209 32.5695 0.0117468 0.0990703 5.09366 -0.0247421 
383.718 32.5755 0.0623755 0.0965961 5.15045 -0.0277888 
384.232 32.6076 0.112282 0.0938172 5.2055 -0.0302684 
384.749 32.6659 0.161262 0.0907904 5.25867 -0.0322269 
385.268 32.7504 0.209138 0.0875677 5.30993 -0.0337111 
385.788 32.8606 0.255755 0.0841966 5.35989 -0.0347686 
386.306 32.9962 0.30099 0.0807197 5.40884 -0.0354712 
386.823 33.1565 0.344745 0.0771726 5.45705 -0.0359044 
387.336 33.341 0.386942 0.0735821 5.50469 -0.036161 
387.846 33.5487 0.42752 0.069966 5.55186 -0.0363354 
388.351 33.7789 0.466428 0.0663325 5.59858 -0.0365177 
388.851 34.0307 0.503619 0.0626807 5.64475 -0.0367884 
389.346 34.3031 0.539047 0.0590019 5.69009 -0.0372391 
389.834 34.5952 0.572659 0.055278 5.73441 -0.037857 
390.316 34.9059 0.60439 0.0514923 5.77719 -0.0387091 
390.791 35.2342 0.634164 0.0476214 5.81792 -0.0398045 
391.26 35.5789 0.661891 0.0436409 5.85593 -0.0410954 
391.722 35.9388 0.687463 0.0395314 5.89101 -0.0426383 
392.177 36.3126 0.710763 0.0352675 5.92244 -0.0443322 
392.626 36.699 0.731659 0.0308343 5.94969 -0.0461175 
393.069 37.0965 0.75001 0.0262226 5.97179 -0.0479775 
393.506 37.5036 0.765673 0.0214248 5.98985 -0.0497179 
393.938 37.9187 0.778508 0.016453 6.00314 -0.0513546 
394.365 38.3402 0.788386 0.0113176 6.01136 -0.0528225 
394.789 38.7666 0.79519 0.0060353 6.01459 -0.0540656 
395.21 39.196 0.79882 0.00062874 6.01306 -0.0550392 
395.629 39.6269 0.799198 -0.00487518 6.00712 -0.0557108 
396.048 40.0575 0.796269 -0.0104463 5.99714 -0.056061 
396.468 40.4861 0.790004 -0.0160524 5.98352 -0.0560822 
396.889 40.9112 0.780399 -0.0216606 5.96664 -0.0557783 
397.313 41.3309 0.767472 -0.0272384 5.94686 -0.0551634 
397.741 41.7438 0.75127 -0.0327548 5.92447 -0.0542535 
398.174 42.1482 0.731858 -0.0381801 5.8997 -0.0530749 
398.613 42.5425 0.709322 -0.0434876 5.8727 -0.0516535 
399.058 42.925 0.683767 -0.048653 5.84361 -0.0499739 
399.511 43.2941 0.655313 -0.0536503 5.81233 -0.0481621 
399.972 43.6483 0.6241 -0.0584666 5.77891 -0.0461743 
400.441 43.986 0.590274 -0.063084 5.74333 -0.0440309 
400.918 44.3057 0.553995 -0.0674871 5.70553 -0.0417458 
401.403 44.6059 0.515431 -0.0716617 5.66546 -0.039331 
401.896 44.8851 0.474762 -0.0755948 5.62323 -0.0367674 
402.397 45.1422 0.432172 -0.0792715 5.57851 -0.0341298 
402.903 45.3758 0.387858 -0.0826845 5.53144 -0.031368 
403.415 45.585 0.342017 -0.0858213 5.482 -0.0285099 
403.932 45.7689 0.294854 -0.0886723 5.4303 -0.0255475 
404.451 45.9267 0.246575 -0.091227 5.37649 -0.0224726 
404.973 46.0579 0.197391 -0.0934743 5.32064 -0.0193077 
405.494 46.1623 0.147511 -0.095405 5.26304 -0.016024 
406.015 46.2396 0.0971461 -0.0970074 5.20598 -0.0126462 
406.533 46.2901 0.0464852 -0.0982721 5.1452 -0.00918751 
407.047 46.314 -0.00424112 -0.0991908 5.08427 -0.00560446 
407.555 46.3119 -0.0548385 -0.0997513 5.02097 -0.00196132 
408.057 46.2844 -0.10509 -0.0999474 4.9541 0.0015991 
408.549 46.2324 -0.154771 -0.0997875 4.89022 0.0054995 
409.033 46.157 -0.203732 -0.0992375 4.82713 0.0094361 
409.505 46.0593 -0.251793 -0.0982939 4.76478 0.0134109 
409.967 45.9406 -0.298779 -0.0969528 4.70335 0.0174221 
410.416 45.8022 -0.344523 -0.0952106 4.64306 0.021466 
410.853 45.6454 -0.388864 -0.093064 4.58419 0.0255368 
411.278 45.4716 -0.43165 -0.0905103 4.52697 0.0296267 
411.689 45.2822 -0.472736 -0.0875477 4.47167 0.0337252 
412.087 45.0786 -0.511984 -0.0841752 4.41851 0.0378187 
412.472 44.8621 -0.549265 -0.0803933 4.36772 0.0418904 
412.845 44.6341 -0.584455 -0.0762042 4.31947 0.0459202 
413.205 44.3957 -0.617435 -0.0716122 4.27391 0.0498842 
413.553 44.1483 -0.648094 -0.0666238 4.23116 0.0537545 
413.891 43.8929 -0.676325 -0.0612483 4.19133 0.0574998 
414.217 43.6305 -0.702028 -0.0554984 4.15449 0.0610848 
414.535 43.3623 -0.725109 -0.0493899 4.12073 0.0644711 
414.843 43.089 -0.745477 -0.0429428 4.09013 0.0676174 
415.144 42.8115 -0.763052 -0.036181 4.06282 0.0704805 
415.437 42.5307 -0.777759 -0.029133 4.03891 0.0730159 
415.725 42.2473 -0.789528 -0.0218314 4.0186 0.0751796 
416.008 41.962 -0.798303 -0.0143134 4.00209 0.0769288 
416.287 41.6754 -0.804032 -0.00662055 3.98964 0.0782235 
416.564 41.3881 -0.806673 0.0012018 3.9815 0.0790276 
416.84 41.1006 -0.806195 0.00910456 3.97796 0.0793102 
417.115 40.8135 -0.802573 0.0170356 3.97929 0.0790466 
417.391 40.5274 -0.795793 0.0249402 3.98574 0.0782187 
417.67 40.2426 -0.785851 0.0327621 3.99751 0.0768158 
417.953 39.9598 -0.772749 0.0404437 4.01475 0.0748348 
418.24 39.6795 -0.756503 0.0479272 4.03753 0.0722802 
418.534 39.4024 -0.737138 0.0551552 4.06583 0.0691643 
418.835 39.1291 -0.71469 0.0620716 4.09956 0.0655072 
419.145 38.8604 -0.68921 0.0686224 4.13852 0.0613364 
419.464 38.5973 -0.660766 0.074756 4.18244 0.0566875 
419.794 38.3406 -0.629442 0.0804247 4.23096 0.0516037 
420.136 38.0915 -0.595341 0.0855851 4.28364 0.0461362 
420.491 37.8513 -0.558589 0.0901987 4.33999 0.0403442 
420.859 37.6213 -0.519337 0.0942332 4.39947 0.0342943 
421.241 37.4029 -0.477756 0.0976626 4.46148 0.028061 
421.637 37.1978 -0.434045 0.100469 4.52541 0.0217252 
422.048 37.0075 -0.388425 0.102641 4.59064 0.0153733 
422.473 36.8336 -0.34114 0.104179 4.65656 0.00909542 
422.911 36.6778 -0.292452 0.105088 4.72258 0.00298348 
423.364 36.5417 -0.24264 0.105386 4.78815 -0.00287193 
423.828 36.4266 -0.191992 0.105099 4.85279 -0.0083845 
424.305 36.334 -0.140801 0.104261 4.91608 -0.0134757 
424.791 36.265 -0.0893589 0.102913 4.97772 -0.0180785 
425.287 36.2206 -0.03795 0.101105 5.03748 -0.0221406 
425.791 36.2015 0.0131559 0.0988913 5.09527 -0.025628 
