-9.99932 1.38307 
-6.5125 0.971818 
-2.61633 0.625663 
0.736006 0.329121 
3.24215 0.0839344 
4.79541 -0.11286 
5.45334 -0.272798 
5.40085 -0.410529 
4.8919 -0.538073 
4.19522 -0.661359 
3.55862 -0.779415 
3.19095 -0.885531 
3.25276 -0.969651 
5.88168 -1.01575 
3.27768 -1.03085 
-4.20821 -1.04334 
-4.16625 -1.02373 
-3.23108 -0.830244 
-2.35463 -0.517249 
-0.524709 -0.110156 
-0.304992 0.295009 
-0.144915 0.631208 
-0.103379 0.88999 
-0.23096 1.06936 
-0.582657 1.1708 
-1.00571 1.20578 
-1.45213 1.18561 
-1.26261 1.1213 
-2.0905 1.00583 
-1.96777 0.857251 
-1.58682 0.674402 
-0.879536 0.468222 
-0.098132 0.256035 
0.760844 0.0565114 
1.61077 -0.113178 
2.36451 -0.243607 
2.70738 -0.330956 
3.02902 -0.377982 
3.91374 -0.39452 
3.5122 -0.389146 
3.59342 -0.383776 
4.34064 -0.360941 
4.07054 -0.352269 
3.67413 -0.328279 
3.89038 -0.292525 
3.44056 -0.256488 
2.96464 -0.220338 
2.65792 -0.184517 
0.712899 -0.158973 
0.0126066 -0.0970386 
-0.0464719 -0.0676327 
0.00963684 -0.0491912 
0.00212076 -0.0342033 
0.497199 -0.0281182 
0.0139634 -0.0142311 
-0.523598 0.0172893 
0.390014 -0.0121462 
0.134351 0.0568883 
0.000289026 0.0976386 
-0.0231772 0.12737 
-0.503649 0.117629 
-0.316677 0.0821315 
-0.395859 0.0708898 
-0.675821 0.070563 
-0.632382 0.137567 
-1.23606 0.0977146 
-0.911406 0.136805 
-1.3961 0.0700045 
-1.4273 0.0206579 
-1.03907 0.0537335 
-1.40959 -0.0266203 
-1.45022 -0.0823831 
-0.913672 -0.0412605 
-1.29368 -0.116376 
-1.35404 -0.158021 
-1.15301 -0.0849658 
-1.10953 -0.0557609 
-1.13993 -0.124045 
-1.05978 -0.0500674 
-0.731247 -0.0102561 
-0.445399 0.0162533 
-0.485237 0.031658 
-0.598444 0.0379923 
-0.601469 0.039989 
-0.518356 0.0406214 
-0.346662 0.114749 
-0.44699 0.0584033 
-0.455434 0.0189427 
-0.456031 -0.00888501 
-0.31473 0.0508956 
-0.367093 -0.109488 
-0.357974 0.00851629 
-0.346709 -0.142 
-0.136505 0.00905689 
-0.226443 -0.139914 
0.308476 0.126387 
0.0311707 -0.0834212 
0.414012 0.0493065 
0.668236 0.0876552 
0.381698 -0.140692 
1.41815 0.119696 
0.793574 -0.141977 
1.85802 0.00828594 
0.146079 0.0492523 
0.157913 -0.224208 
2.28156 0.12383 
2.5862 -0.00327666 
3.27446 0.0725724 
1.47091 -0.0637279 
2.41892 0.0228036 
2.8871 -0.266288 
4.90311 0.302151 
0.568565 0.183879 
-0.836934 -0.0708599 
0.439734 -0.00543525 
-0.206201 0.0297544 
0.412535 -0.119342 
-0.0905635 0.017101 
-0.180901 0.233497 
-0.630106 0.0128208 
0.58383 -0.078929 
-0.00463365 -0.103228 
-0.556096 0.635644 
0.371651 0.340224 
0.0225858 0.383034 
-0.533701 0.0381372 
1.13278 -0.114843 
-0.859339 -0.427051 
0.486914 -0.370042 
-0.695767 -0.241169 
0.0450713 -0.321869 
0.751969 -0.411329 
-0.404656 -0.37805 
0.549988 -0.0127419 
0.0605329 0.212598 
-0.966096 0.2916 
-0.0851354 0.342133 
1.29772 0.347909 
-0.613868 0.34142 
0.203971 0.357431 
-0.963267 0.436352 
0.197575 0.24593 
0.208447 0.0620856 
0.244531 0.00489576 
-0.237829 0.0217947 
0.701933 -0.0485672 
0.0247588 -0.903893 
-0.130548 -0.61112 
-0.0383537 -1.78452 
-0.488269 -0.959558 
0.418105 -0.975333 
-0.207132 -0.252409 
-0.253147 0.258578 
-0.0258074 0.532694 
0.0507945 0.81823 
0.135001 0.993275 
-0.131889 1.06529 
-0.100143 1.05489 
0.444432 0.964656 
-0.535635 0.790849 
0.415827 0.553987 
-0.267119 0.243288 
-0.133543 -0.0885929 
0.210881 -0.437548 
-0.297962 -0.764749 
0.39714 -1.06023 
-0.116888 -1.29226 
0.416033 -1.43147 
0.228746 -1.55623 
-0.313963 -1.36959 
-0.014939 -1.08875 
0.255717 -0.64988 
-0.602142 -0.102171 
0.776062 0.49738 
-0.457189 1.28729 
-0.150468 1.86913 
-0.0608739 2.47224 
-0.0105711 2.67432 
0.161996 2.75732 
0.319243 2.3688 
0.0352159 1.40121 
-0.462206 0.339205 
-0.636572 -0.518612 
1.08891 -1.32248 
-0.536466 -2.16514 
-0.19417 -2.7953 
-0.224032 -3.30696 
0.738714 -3.50259 
0.059439 -3.37129 
0.631065 -2.81604 
-1.82742 -1.89815 
0.5465 -0.395924 
0.1177 1.15913 
0.106502 2.56214 
-0.100631 4.19746 
0.433481 5.38376 
-0.0365856 5.78954 
0.00159452 5.14828 
-0.143822 3.50296 
-0.154886 1.33202 
0.5429 -0.813749 
-1.17116 -2.55555 
0.539513 -3.8297 
-0.235895 -4.88072 
0.45213 -5.57942 
0.220573 -6.5853 
-0.0107544 -6.05907 
-0.0737757 -4.26028 
0.156702 -1.98605 
-0.188696 0.531328 
-0.209063 3.15933 
0.571129 5.54304 
-0.0196765 8.19868 
0.321365 9.36472 
0.0166338 9.29008 
-0.485434 7.50968 
0.0385411 4.00659 
-0.262247 -0.20592 
-0.270575 -3.61268 
-0.145064 -6.18963 
0.44695 -9.27165 
0.13178 -14.137 
-0.00091696 -13.1385 
-0.256671 -10.4619 
0.585266 -2.97288 
-0.566668 0.301938 
0.0647305 2.08849 
0.311407 4.51663 
-0.389547 10.0408 
0.0459968 14.049 
0.280302 17.5707 
-0.158523 15.8675 
-0.0283635 -0.10328 
-0.0350861 -0.184131 
-0.00228316 -0.131616 
0.0160469 -0.219138 
-0.0373878 -4.86683 
0.0271005 -16.9129 
-0.00815439 -22.4246 
-0.0703508 -10.7408 
0.0571325 -6.07934 
0.0245727 -0.675447 
-0.757295 0.947217 
0.885475 3.31627 
-0.668904 5.78589 
1.29331 8.15527 
-0.829815 12.4818 
0.132876 14.1268 
-0.261741 14.0314 
0.186099 3.25789 
0.197857 -0.217306 
-0.318864 -0.237935 
0.0219593 -3.10965 
0.0998413 -10.5529 
0.00327789 -18.5017 
-0.00930671 -15.4606 
-0.117566 -13.2282 
0.139804 -1.54393 
0.418166 -0.127943 
-1.76462 -0.319009 
1.23751 1.88465 
-0.171598 3.87715 
0.262936 12.1524 
0.00916599 25.2832 
-0.0421136 18.4637 
0.0637445 1.63758 
-0.0424984 0.00900324 
0.0387173 -0.216332 
0.0206076 -0.194538 
-0.0063819 -0.736962 
0.000590604 -12.8776 
-0.0317881 -24.5954 
0.0100279 -14.156 
-7.24604 -7.84507 
-2.7818 -2.22589 
-0.800441 -0.137735 
-0.0394763 1.5145 
0.21696 4.48796 
0.240017 8.40207 
0.338302 12.1895 
-0.175676 13.5189 
5.71888 14.3219 
3.98932 8.73822 
-5.19174 -0.0919551 
-4.33676 -0.172937 
-2.20206 -0.363351 
-6.83947 -5.47944 
-0.846838 -12.8582 
-0.0530878 -22.6466 
-4.85822 -12.8432 
-5.09024 -7.74625 
-0.0250832 -0.802337 
0.220967 1.04132 
0.2897 3.95843 
0.430808 6.63381 
1.47495 10.2643 
2.21471 10.5921 
3.67233 10.5204 
2.14931 9.13796 
3.88249 6.38318 
4.51952 2.43037 
1.28887 -1.78392 
-0.113948 -4.42521 
-0.105564 -6.70004 
0.199915 -8.84705 
-0.414464 -10.576 
0.284206 -15.9128 
-0.0583066 -12.6383 
0.353708 -1.81849 
-5.71256 0.67638 
-6.99155 2.47887 
2.73244 1.72779 
-1.53154 8.98195 
-2.85415 14.0052 
-5.88521 20.5242 
-0.0995993 13.7864 
0.0178267 2.39691 
-0.0220637 -0.0817125 
0.0134199 -0.154311 
0.0350499 -0.509979 
0.00158904 -3.9613 
-0.134048 -10.8394 
0.108938 -19.9769 
-1.50156 -12.8743 
1.15128 -9.07777 
-9.65636 -5.44038 
-4.26825 -0.260615 
-3.58309 2.01704 
-3.05261 4.6428 
-2.09369 7.86011 
-6.80687 11.4809 
-2.77845 9.768 
-4.65439 8.43968 
-3.23341 5.34424 
-1.14239 2.40023 
-2.18078 -0.288291 
-2.58103 -2.27456 
-3.68979 -3.54495 
-2.28964 -4.11037 
-2.28591 -4.11401 
-3.10195 -3.67916 
-2.8689 -2.94382 
-1.43209 -2.11744 
-2.08389 -1.22944 
-2.45276 -0.377292 
-3.16475 0.352327 
-1.75425 0.908163 
-1.12871 1.24511 
-1.4133 1.34901 
-1.36198 1.26264 
-1.42349 1.05311 
-1.66983 0.76954 
-1.69971 0.464536 
0.100442 0.208937 
0.37854 0.0202219 
-0.43459 -0.11409 
0.342841 -0.175703 
-0.143465 -0.175078 
0.0614057 -0.138551 
0.018918 -0.0919703 
-0.103429 -0.0456115 
0.0866793 0.0029578 
-0.0377985 0.0513225 
0.00302447 0.0794201 
0.0492062 0.0772508 
-0.0962799 0.0536688 
0.0601443 0.0202487 
0.197738 -0.0262684 
0.364935 -0.0890513 
0.637257 -0.159878 
0.843404 -0.237025 
1.05938 -0.3042 
1.21643 -0.343304 
1.40676 -0.353839 
1.58331 -0.33803 
1.83165 -0.30606 
0.613308 -0.288143 
-0.110077 -0.271181 
0.289468 -0.203709 
-0.0056417 -0.106011 
-0.190701 -0.0301867 
0.230172 0.0418593 
0.465221 0.0983955 
0.61727 0.110412 
0.830175 0.0846887 
1.30895 0.0373621 
1.47432 -0.0301378 
1.79661 -0.111434 
2.22428 -0.184899 
0.936255 -0.264276 
-0.154566 -0.32726 
0.50278 -0.300756 
-0.0496432 -0.19824 
-0.0556421 -0.0882068 
0.310733 0.0359701 
0.0970536 0.136173 
-0.116757 0.187177 
0.00311662 0.20699 
0.109176 0.198612 
0.00168725 0.159819 
0.0660638 0.1038 
-0.116706 0.0436717 
-0.389586 -0.0115542 
0.337643 -0.0374371 
-0.31091 -0.0465765 
0.288721 -0.0508029 
-0.185708 -0.037123 
0.0945975 -0.0255844 
-0.13792 -0.00660791 
0.145531 0.0113037 
-0.11541 0.025311 
0.0726186 0.0294086 
0.0813051 0.0323113 
-0.275541 0.0232035 
-0.210245 0.0125039 
-0.459416 0.0108418 
-0.814433 0.00986044 
-1.00929 0.020457 
-1.40345 0.0432555 
-1.49848 0.0759791 
-1.84445 0.113898 
-1.78251 0.151451 
-0.748378 0.194692 
0.469327 0.220855 
-0.715043 0.177851 
0.561137 0.0927513 
-0.511894 0.0214069 
0.272081 -0.0582103 
-0.269739 -0.098974 
0.135318 -0.124723 
-0.0996334 -0.117069 
0.0671801 -0.0974565 
-0.0286299 -0.0633908 
0.131163 -0.0282349 
-0.0591786 0.00105475 
0.393565 0.0224744 
0.672406 0.0376469 
1.42797 0.0314349 
1.84751 0.00139773 
2.63731 -0.0590786 
2.84898 -0.141081 
-0.0876133 -0.262365 
-0.296997 -0.356047 
0.694017 -0.294593 
0.703373 -0.168666 
1.65296 -0.054434 
2.25133 0.0397365 
3.11112 0.0725606 
2.14567 0.0285136 
-0.0395953 -0.0643861 
0.160165 -0.117256 
1.1304 -0.0659488 
2.27226 0.00552416 
4.0211 0.0542878 
2.14501 0.0200457 
0.614851 -0.056865 
1.12736 -0.0735943 
2.11274 -0.025918 
3.54203 0.0187592 
2.94996 0.577799 
-0.316185 0.419995 
0.0627948 0.16279 
1.06956 0.167735 
2.74154 -0.695343 
4.10806 -1.27919 
2.13918 -1.90498 
0.329118 -2.07599 
0.158426 -2.84938 
-0.651815 -2.34909 
0.223064 -1.9039 
0.234609 -0.644882 
-0.297619 0.525586 
0.142162 1.44708 
-0.047615 2.40688 
-0.262338 3.16634 
0.556858 3.60252 
-0.447068 3.66221 
0.327026 3.40148 
0.289624 2.83929 
0.721522 2.04924 
0.659365 1.1344 
0.511761 0.220063 
0.143642 -0.619787 
-0.082924 -1.32844 
-0.581288 -1.8685 
-0.801807 -2.19212 
-0.910711 -2.30468 
0.537888 -2.27573 
-0.514263 -2.10909 
0.155532 -1.80802 
0.0121563 -1.38602 
-0.122998 -0.897673 
-0.200388 -0.379596 
0.334291 0.130425 
-0.425074 0.572226 
0.24317 0.855437 
-0.0358615 1.01512 
0.808882 1.16716 
0.98675 1.25845 
1.77461 1.25623 
